%YAML:1.0
---
min_ratio: 2.0000000000000000e-02
max_ratio: 7.5000000000000000e-01
max_angle_l: 60.
min_light_ratio: 5.0000000000000000e-01
min_small_center_distance: 8.0000000000000004e-01
max_small_center_distance: 2.8999999999999999e+00
min_large_center_distance: 3.2000000000000002e+00
max_large_center_distance: 8.
max_angle_a: 60.
num_threshold: 2.0000000000000004e-01
blue_threshold: 40
red_threshold: 70
grad_max: 500
grad_min: 300
